PARAMETER	Apelsvoll winter  91/92 Gri	Fureneset winter  05/06 Gri	Holt  winter  05/06 Gri	Holt  winter  06/07 Gri	Kvithamar winter  06/07 Gri	Saerheim summer 00 Gri	Saerheim summer 01 Gri	Saerheim summer 02 Gri	Saerheim winter  05/20 Gri	Saerheim winter  06/07 Gri	Maaninka	Rovaniemi	Searheim TIMCOM	Quebec	Lacombe	Umea	Fredricton	Kungsangen	Lanna	Karlslund	Klevarp	Tonnersa
LOG10CLVI	1	1	1	1	1	1	1	1	1	1	1.239	1.239	1.239	1.239	1.239	1.239	1.239	1.239	1.239	1.239	1.239	1.239
LOG10CRESI	0	0	0	0	0	0	0	0	0	0	0.3749	0.3749	0.3749	0.3749	0.3749	0.3749	0.3749	0.3749	0.3749	0.3749	0.3749	0.3749
LOG10CRTI	1	1	1	1	1	1	1	1	1	1	0.2137	0.2137	0.2137	0.2137	0.2137	0.2137	0.2137	0.2137	0.2137	0.2137	0.2137	0.2137
CSTI	0	0	0	0	0	0	0	0	0	0	0	0	0	0	0	0	0	0	0	0	0	0
LOG10LAII	0.1	0.1	0.1	0.1	0.1	0.1	0.1	0.1	0.1	0.1	-0.3189	-0.3189	-0.3189	-0.3189	-0.3189	-0.3189	-0.3189	-0.3189	-0.3189	-0.3189	-0.3189	-0.3189
PHENI	0.01	0.01	0.01	0.01	0.01	0.01	0.01	0.01	0.01	0.01	0.01	0.01	0.01	0.01	0.01	0.01	0.01	0.01	0.01	0.01	0.01	0.01
TILTOTI	800	800	800	800	800	800	800	800	800	800	2388	2388	2388	2388	2388	2388	2388	2388	2388	2388	2388	2388
FRTILGI	0	0	0	0	0	0	0	0	0	0	0.3993	0.3993	0.3993	0.3993	0.3993	0.3993	0.3993	0.3993	0.3993	0.3993	0.3993	0.3993
LT50I	-4.7894	-4.7894	-4.7894	-4.7894	-4.7894	-4.7894	-4.7894	-4.7894	-4.7894	-4.7894	-4.7894	-4.7894	-4.7894	-4.7894	-4.7894	-4.7894	-4.7894	-4.7894	-4.7894	-4.7894	-4.7894	-4.7894
CLAIV	0.5	0.5	0.5	0.5	0.5	0.5	0.5	0.5	0.5	0.5	0.5692	0.5692	0.5692	0.5692	0.5692	0.5692	0.5692	0.5692	0.5692	0.5692	0.5692	0.5692
COCRESMX	0.141155	0.141155	0.141155	0.141155	0.141155	0.141155	0.141155	0.141155	0.141155	0.141155	0.1451	0.1451	0.1451	0.1451	0.1451	0.1451	0.1451	0.1451	0.1451	0.1451	0.1451	0.1451
CSTAVM	0.229575	0.229575	0.229575	0.229575	0.229575	0.229575	0.229575	0.229575	0.229575	0.229575	1.112	1.112	1.112	1.112	1.112	1.112	1.112	1.112	1.112	1.112	1.112	1.112
DAYLB	0.539664	0.539664	0.539664	0.539664	0.539664	0.539664	0.539664	0.539664	0.539664	0.539664	0.5329	0.5329	0.5329	0.5329	0.5329	0.5329	0.5329	0.5329	0.5329	0.5329	0.5329	0.5329
DAYLP	0.632348	0.632348	0.632348	0.632348	0.632348	0.632348	0.632348	0.632348	0.632348	0.632348	0.7104	0.7104	0.7104	0.7104	0.7104	0.7104	0.7104	0.7104	0.7104	0.7104	0.7104	0.7104
DLMXGE	0.936974	0.936974	0.936974	0.936974	0.936974	0.936974	0.936974	0.936974	0.936974	0.936974	0.9849	0.9849	0.9849	0.9849	0.9849	0.9849	0.9849	0.9849	0.9849	0.9849	0.9849	0.9849
FSLAMIN	0.686948	0.686948	0.686948	0.686948	0.686948	0.686948	0.686948	0.686948	0.686948	0.686948	0.8619	0.8619	0.8619	0.8619	0.8619	0.8619	0.8619	0.8619	0.8619	0.8619	0.8619	0.8619
FSMAX	0.693	0.693	0.693	0.693	0.693	0.693	0.693	0.693	0.693	0.693	0.693	0.693	0.693	0.693	0.693	0.693	0.693	0.693	0.693	0.693	0.693	0.693
HAGERE	0.8	0.8	0.8	0.8	0.8	0.8	0.8	0.8	0.8	0.8	0.8342	0.8342	0.8342	0.8342	0.8342	0.8342	0.8342	0.8342	0.8342	0.8342	0.8342	0.8342
K	0.607039	0.607039	0.607039	0.607039	0.607039	0.607039	0.607039	0.607039	0.607039	0.607039	0.4669	0.4669	0.4669	0.4669	0.4669	0.4669	0.4669	0.4669	0.4669	0.4669	0.4669	0.4669
LAICR	3.79569	3.79569	3.79569	3.79569	3.79569	3.79569	3.79569	3.79569	3.79569	3.79569	3.913	3.913	3.913	3.913	3.913	3.913	3.913	3.913	3.913	3.913	3.913	3.913
LAIEFT	0.2	0.2	0.2	0.2	0.2	0.2	0.2	0.2	0.2	0.2	0.1219	0.1219	0.1219	0.1219	0.1219	0.1219	0.1219	0.1219	0.1219	0.1219	0.1219	0.1219
LAITIL	0.566455	0.566455	0.566455	0.566455	0.566455	0.566455	0.566455	0.566455	0.566455	0.566455	0.9663	0.9663	0.9663	0.9663	0.9663	0.9663	0.9663	0.9663	0.9663	0.9663	0.9663	0.9663
LFWIDG	0.0085207	0.0085207	0.0085207	0.0085207	0.0085207	0.0085207	0.0085207	0.0085207	0.0085207	0.0085207	0.01042	0.01042	0.01042	0.01042	0.01042	0.01042	0.01042	0.01042	0.01042	0.01042	0.01042	0.01042
LFWIDV	0.00491875	0.00491875	0.00491875	0.00491875	0.00491875	0.00491875	0.00491875	0.00491875	0.00491875	0.00491875	0.007001	0.007001	0.007001	0.007001	0.007001	0.007001	0.007001	0.007001	0.007001	0.007001	0.007001	0.007001
NELLVM	2.09178	2.09178	2.09178	2.09178	2.09178	2.09178	2.09178	2.09178	2.09178	2.09178	2.172	2.172	2.172	2.172	2.172	2.172	2.172	2.172	2.172	2.172	2.172	2.172
PHENCR	0.495209	0.495209	0.495209	0.495209	0.495209	0.495209	0.495209	0.495209	0.495209	0.495209	0.4989	0.4989	0.4989	0.4989	0.4989	0.4989	0.4989	0.4989	0.4989	0.4989	0.4989	0.4989
PHY	63.0532	63.0532	63.0532	63.0532	63.0532	63.0532	63.0532	63.0532	63.0532	63.0532	45.09	45.09	45.09	45.09	45.09	45.09	45.09	45.09	45.09	45.09	45.09	45.09
RDRSCO	0.0712247	0.0712247	0.0712247	0.0712247	0.0712247	0.0712247	0.0712247	0.0712247	0.0712247	0.0712247	0.09563	0.09563	0.09563	0.09563	0.09563	0.09563	0.09563	0.09563	0.09563	0.09563	0.09563	0.09563
RDRSMX	0.06	0.06	0.06	0.06	0.06	0.06	0.06	0.06	0.06	0.06	0.06343	0.06343	0.06343	0.06343	0.06343	0.06343	0.06343	0.06343	0.06343	0.06343	0.06343	0.06343
RDRTEM	0.00102573	0.00102573	0.00102573	0.00102573	0.00102573	0.00102573	0.00102573	0.00102573	0.00102573	0.00102573	0.0009367	0.0009367	0.0009367	0.0009367	0.0009367	0.0009367	0.0009367	0.0009367	0.0009367	0.0009367	0.0009367	0.0009367
RGENMX	0.0108797	0.0108797	0.0108797	0.0108797	0.0108797	0.0108797	0.0108797	0.0108797	0.0108797	0.0108797	0.01719	0.01719	0.01719	0.01719	0.01719	0.01719	0.01719	0.01719	0.01719	0.01719	0.01719	0.01719
ROOTDM	0.6	0.6	0.6	0.6	0.6	0.6	0.6	0.6	0.6	0.6	1.182	1.182	1.182	1.182	1.182	1.182	1.182	1.182	1.182	1.182	1.182	1.182
RRDMAX	0.012	0.012	0.012	0.012	0.012	0.012	0.012	0.012	0.012	0.012	0.0155	0.0155	0.0155	0.0155	0.0155	0.0155	0.0155	0.0155	0.0155	0.0155	0.0155	0.0155
RUBISC	5.7803	5.7803	5.7803	5.7803	5.7803	5.7803	5.7803	5.7803	5.7803	5.7803	4.553	4.553	4.553	4.553	4.553	4.553	4.553	4.553	4.553	4.553	4.553	4.553
SHAPE	0.538907	0.538907	0.538907	0.538907	0.538907	0.538907	0.538907	0.538907	0.538907	0.538907	0.8442	0.8442	0.8442	0.8442	0.8442	0.8442	0.8442	0.8442	0.8442	0.8442	0.8442	0.8442
SIMAX1T	0.00450449	0.00450449	0.00450449	0.00450449	0.00450449	0.00450449	0.00450449	0.00450449	0.00450449	0.00450449	0.005471	0.005471	0.005471	0.005471	0.005471	0.005471	0.005471	0.005471	0.005471	0.005471	0.005471	0.005471
SLAMAX	0.06	0.06	0.06	0.06	0.06	0.06	0.06	0.06	0.06	0.06	0.0781	0.0781	0.0781	0.0781	0.0781	0.0781	0.0781	0.0781	0.0781	0.0781	0.0781	0.0781
TBASE	3.61083	3.61083	3.61083	3.61083	3.61083	3.61083	3.61083	3.61083	3.61083	3.61083	2.766	2.766	2.766	2.766	2.766	2.766	2.766	2.766	2.766	2.766	2.766	2.766
TCRES	1.88986	1.88986	1.88986	1.88986	1.88986	1.88986	1.88986	1.88986	1.88986	1.88986	2.639	2.639	2.639	2.639	2.639	2.639	2.639	2.639	2.639	2.639	2.639	2.639
TOPTGE	12.6178	12.6178	12.6178	12.6178	12.6178	12.6178	12.6178	12.6178	12.6178	12.6178	21.37	21.37	21.37	21.37	21.37	21.37	21.37	21.37	21.37	21.37	21.37	21.37
TRANCO	8	8	8	8	8	8	8	8	8	8	6.435	6.435	6.435	6.435	6.435	6.435	6.435	6.435	6.435	6.435	6.435	6.435
YG	0.841767	0.841767	0.841767	0.841767	0.841767	0.841767	0.841767	0.841767	0.841767	0.841767	0.8759	0.8759	0.8759	0.8759	0.8759	0.8759	0.8759	0.8759	0.8759	0.8759	0.8759	0.8759
LAT	60.77	61.29	69.65	69.65	63.5	58.46	58.46	58.46	58.46	58.46	63.14	66.58	58.46	46.79	52.47	63.77	45.93	59.8	58.5	59.4	57.7	56.5
WCI	0.22	0.3	0.4	0.4	0.4	0.3	0.3	0.3	0.3	0.3	0.15	0.15	0.3	0.194	0.3	0.46	0.225	0.43	0.36	0.36	0.26	0.26
FWCAD	0.047826087	0.011363636	0.019607843	0.019607843	0.019607843	0.011363636	0.011363636	0.011363636	0.011363636	0.011363636	0.0125	0.0125	0.011363636	0.0125	0.009090909	0.009259259	0.0125	0.0125	0.0125	0.0125	0.0125	0.0125
FWCWP	0.141304348	0.056818182	0.058823529	0.058823529	0.058823529	0.056818182	0.056818182	0.056818182	0.056818182	0.056818182	0.07741	0.07741	0.07741	0.07741	0.07741	0.07741	0.07741	0.573	0.425	0.425	0.21	0.21
FWCFC	0.47826087	0.681818182	0.784313725	0.784313725	0.784313725	0.681818182	0.681818182	0.681818182	0.681818182	0.681818182	0.6498	0.6498	0.6498	0.6498	0.6498	0.6498	0.6498	0.905	0.776	0.776	0.574	0.574
FWCWET	0.934782609	1	0.960784314	0.960784314	0.960784314	1	1	1	1	1	1	1	1	1	1	1	1	1	1	1	1	1
WCST	0.46	0.44	0.51	0.51	0.51	0.44	0.44	0.44	0.44	0.44	0.4	0.4	0.44	0.4	0.55	0.54	0.4	0.475	0.464	0.464	0.453	0.453
WpoolMax	50	50	50	50	50	50	50	50	50	50	50	50	50	50	50	50	50	50	50	50	50	50
Dparam	0.0031796	0.0031796	0.0031796	0.0031796	0.0031796	0.0031796	0.0031796	0.0031796	0.0031796	0.0031796	0.001895	0.001895	0.001895	0.001895	0.001895	0.001895	0.001895	0.001895	0.001895	0.001895	0.001895	0.001895
FGAS	0.4	0.4	0.4	0.4	0.4	0.4	0.4	0.4	0.4	0.4	0.4175	0.4175	0.4175	0.4175	0.4175	0.4175	0.4175	0.4175	0.4175	0.4175	0.4175	0.4175
FO2MX	0.21	0.21	0.21	0.21	0.21	0.21	0.21	0.21	0.21	0.21	0.2008	0.2008	0.2008	0.2008	0.2008	0.2008	0.2008	0.2008	0.2008	0.2008	0.2008	0.2008
gamma	65	65	65	65	65	65	65	65	65	65	68.86	68.86	68.86	68.86	68.86	68.86	68.86	68.86	68.86	68.86	68.86	68.86
Hparam	0.0055925	0.0055925	0.0055925	0.0055925	0.0055925	0.0055925	0.0055925	0.0055925	0.0055925	0.0055925	0.008262	0.008262	0.008262	0.008262	0.008262	0.008262	0.008262	0.008262	0.008262	0.008262	0.008262	0.008262
KRDRANAER	0.2	0.2	0.2	0.2	0.2	0.2	0.2	0.2	0.2	0.2	0.6396	0.6396	0.6396	0.6396	0.6396	0.6396	0.6396	0.6396	0.6396	0.6396	0.6396	0.6396
KRESPHARD	0.1	0.1	0.1	0.1	0.1	0.1	0.1	0.1	0.1	0.1	0.02244	0.02244	0.02244	0.02244	0.02244	0.02244	0.02244	0.02244	0.02244	0.02244	0.02244	0.02244
KRSR3H	1	1	1	1	1	1	1	1	1	1	0.9618	0.9618	0.9618	0.9618	0.9618	0.9618	0.9618	0.9618	0.9618	0.9618	0.9618	0.9618
KRTOTAER	2	2	2	2	2	2	2	2	2	2	1.775	1.775	1.775	1.775	1.775	1.775	1.775	1.775	1.775	1.775	1.775	1.775
KSNOW	0.035	0.035	0.035	0.035	0.035	0.035	0.035	0.035	0.035	0.035	0.03871	0.03871	0.03871	0.03871	0.03871	0.03871	0.03871	0.03871	0.03871	0.03871	0.03871	0.03871
LAMBDAsoil	172800	172800	172800	172800	172800	172800	172800	172800	172800	172800	199000	199000	199000	199000	199000	199000	199000	199000	199000	199000	199000	199000
LDT50A	1.3403	1.3403	1.3403	1.3403	1.3403	1.3403	1.3403	1.3403	1.3403	1.3403	1.555	1.555	1.555	1.555	1.555	1.555	1.555	1.555	1.555	1.555	1.555	1.555
LDT50B	-2.1128	-2.1128	-2.1128	-2.1128	-2.1128	-2.1128	-2.1128	-2.1128	-2.1128	-2.1128	-2.172	-2.172	-2.172	-2.172	-2.172	-2.172	-2.172	-2.172	-2.172	-2.172	-2.172	-2.172
LT50MN	-26.6839	-26.6839	-26.6839	-26.6839	-26.6839	-26.6839	-26.6839	-26.6839	-26.6839	-26.6839	-25.47	-25.47	-25.47	-25.47	-25.47	-25.47	-25.47	-25.47	-25.47	-25.47	-25.47	-25.47
LT50MX	-4.7894	-4.7894	-4.7894	-4.7894	-4.7894	-4.7894	-4.7894	-4.7894	-4.7894	-4.7894	-4.544	-4.544	-4.544	-4.544	-4.544	-4.544	-4.544	-4.544	-4.544	-4.544	-4.544	-4.544
RATEDMX	2	2	2	2	2	2	2	2	2	2	1.81	1.81	1.81	1.81	1.81	1.81	1.81	1.81	1.81	1.81	1.81	1.81
reHardRedDay	145	145	145	145	145	145	145	145	145	145	133.7	133.7	133.7	133.7	133.7	133.7	133.7	133.7	133.7	133.7	133.7	133.7
RHOnewSnow	100	100	100	100	100	100	100	100	100	100	85.86	85.86	85.86	85.86	85.86	85.86	85.86	85.86	85.86	85.86	85.86	85.86
RHOpack	0.02	0.02	0.02	0.02	0.02	0.02	0.02	0.02	0.02	0.02	0.02187	0.02187	0.02187	0.02187	0.02187	0.02187	0.02187	0.02187	0.02187	0.02187	0.02187	0.02187
SWret	0.1	0.1	0.1	0.1	0.1	0.1	0.1	0.1	0.1	0.1	0.08415	0.08415	0.08415	0.08415	0.08415	0.08415	0.08415	0.08415	0.08415	0.08415	0.08415	0.08415
SWrf	0.01	0.01	0.01	0.01	0.01	0.01	0.01	0.01	0.01	0.01	0.0104	0.0104	0.0104	0.0104	0.0104	0.0104	0.0104	0.0104	0.0104	0.0104	0.0104	0.0104
THARDMX	14.7052	14.7052	14.7052	14.7052	14.7052	14.7052	14.7052	14.7052	14.7052	14.7052	14.82	14.82	14.82	14.82	14.82	14.82	14.82	14.82	14.82	14.82	14.82	14.82
TmeltFreeze	0	0	0	0	0	0	0	0	0	0	0	0	0	0	0	0	0	0	0	0	0	0
TrainSnow	0.01	0.01	0.01	0.01	0.01	0.01	0.01	0.01	0.01	0.01	0.01062	0.01062	0.01062	0.01062	0.01062	0.01062	0.01062	0.01062	0.01062	0.01062	0.01062	0.01062
TsurfDiff	0.62279	0.62279	0.62279	0.62279	0.62279	0.62279	0.62279	0.62279	0.62279	0.62279	3.353	3.353	3.353	3.353	3.353	3.353	3.353	3.353	3.353	3.353	3.353	3.353
KLUETILG	0.5	0.5	0.5	0.5	0.5	0.5	0.5	0.5	0.5	0.5	0.5787	0.5787	0.5787	0.5787	0.5787	0.5787	0.5787	0.5787	0.5787	0.5787	0.5787	0.5787
FRTILGG1I	0.1	0.1	0.1	0.1	0.1	0.1	0.1	0.1	0.1	0.1	0.5648	0.5648	0.5648	0.5648	0.5648	0.5648	0.5648	0.5648	0.5648	0.5648	0.5648	0.5648
DAYLG1G2	0.6	0.6	0.6	0.6	0.6	0.6	0.6	0.6	0.6	0.6	0.6302	0.6302	0.6302	0.6302	0.6302	0.6302	0.6302	0.6302	0.6302	0.6302	0.6302	0.6302
RGRTG1G2	0.9	0.9	0.9	0.9	0.9	0.9	0.9	0.9	0.9	0.9	0.8237	0.8237	0.8237	0.8237	0.8237	0.8237	0.8237	0.8237	0.8237	0.8237	0.8237	0.8237
RDRTMIN	0.01	0.01	0.01	0.01	0.01	0.01	0.01	0.01	0.01	0.01	0.01209	0.01209	0.01209	0.01209	0.01209	0.01209	0.01209	0.01209	0.01209	0.01209	0.01209	0.01209
TVERN	20	20	20	20	20	20	20	20	20	20	20	20	20	20	20	20	20	20	20	20	20	20
CLITT0	300	300	300	300	300	300	300	300	300	300	300	300	300	300	300	300	300	300	300	300	300	300
CSOM0	10000	10000	10000	10000	10000	10000	10000	10000	10000	10000	10000	10000	10000	10000	10000	10000	10000	10000	10000	10000	10000	10000
CNLITT0	50	50	50	50	50	50	50	50	50	50	50	50	50	50	50	50	50	50	50	50	50	50
CNSOMF0	25	25	25	25	25	25	25	25	25	25	25	25	25	25	25	25	25	25	25	25	25	25
CNSOMS0	25	25	25	25	25	25	25	25	25	25	25	25	25	25	25	25	25	25	25	25	25	25
FCSOMF0	0.5	0.5	0.5	0.5	0.5	0.5	0.5	0.5	0.5	0.5	0.5	0.5	0.5	0.5	0.5	0.5	0.5	0.5	0.5	0.5	0.5	0.5
FLITTSOMF	0.6	0.6	0.6	0.6	0.6	0.6	0.6	0.6	0.6	0.6	0.6	0.6	0.6	0.6	0.6	0.6	0.6	0.6	0.6	0.6	0.6	0.6
FSOMFSOMS	0.03	0.03	0.03	0.03	0.03	0.03	0.03	0.03	0.03	0.03	0.03	0.03	0.03	0.03	0.03	0.03	0.03	0.03	0.03	0.03	0.03	0.03
RNLEACH	0.5	0.5	0.5	0.5	0.5	0.5	0.5	0.5	0.5	0.5	0.5	0.5	0.5	0.5	0.5	0.5	0.5	0.5	0.5	0.5	0.5	0.5
KNEMIT	0.0005	0.0005	0.0005	0.0005	0.0005	0.0005	0.0005	0.0005	0.0005	0.0005	0.0005	0.0005	0.0005	0.0005	0.0005	0.0005	0.0005	0.0005	0.0005	0.0005	0.0005	0.0005
NMIN0	1	1	1	1	1	1	1	1	1	1	1	1	1	1	1	1	1	1	1	1	1	1
TCLITT	365	365	365	365	365	365	365	365	365	365	365	365	365	365	365	365	365	365	365	365	365	365
TCSOMF	1460	1460	1460	1460	1460	1460	1460	1460	1460	1460	1460	1460	1460	1460	1460	1460	1460	1460	1460	1460	1460	1460
TCSOMS	73000	73000	73000	73000	73000	73000	73000	73000	73000	73000	73000	73000	73000	73000	73000	73000	73000	73000	73000	73000	73000	73000
TMAXF	50	50	50	50	50	50	50	50	50	50	50	50	50	50	50	50	50	50	50	50	50	50
TSIGMAF	20	20	20	20	20	20	20	20	20	20	20	20	20	20	20	20	20	20	20	20	20	20
RFN2O	8.5	8.5	8.5	8.5	8.5	8.5	8.5	8.5	8.5	8.5	8.5	8.5	8.5	8.5	8.5	8.5	8.5	8.5	8.5	8.5	8.5	8.5
WFPS50N2O	0.7	0.7	0.7	0.7	0.7	0.7	0.7	0.7	0.7	0.7	0.7	0.7	0.7	0.7	0.7	0.7	0.7	0.7	0.7	0.7	0.7	0.7
NCSHMAX	0.04	0.04	0.04	0.04	0.04	0.04	0.04	0.04	0.04	0.04	0.06934	0.06934	0.06934	0.06934	0.06934	0.06934	0.06934	0.06934	0.06934	0.06934	0.06934	0.06934
NCR	0.03	0.03	0.03	0.03	0.03	0.03	0.03	0.03	0.03	0.03	0.02195	0.02195	0.02195	0.02195	0.02195	0.02195	0.02195	0.02195	0.02195	0.02195	0.02195	0.02195
RDRROOT	0.02	0.02	0.02	0.02	0.02	0.02	0.02	0.02	0.02	0.02	0.02	0.02	0.02	0.02	0.02	0.02	0.02	0.02	0.02	0.02	0.02	0.02
RDRSTUB	0.2	0.2	0.2	0.2	0.2	0.2	0.2	0.2	0.2	0.2	0.2086	0.2086	0.2086	0.2086	0.2086	0.2086	0.2086	0.2086	0.2086	0.2086	0.2086	0.2086
NFERTMULT	1	1	1	1	1	1	1	1	1	1	1	1	1	1	1	1	1	1	1	1	1	1
FNCGSHMIN	0	0	0	0	0	0	0	0	0	0	0.327	0.327	0.327	0.327	0.327	0.327	0.327	0.327	0.327	0.327	0.327	0.327
TCNSHMOB	8	8	8	8	8	8	8	8	8	8	7.643	7.643	7.643	7.643	7.643	7.643	7.643	7.643	7.643	7.643	7.643	7.643
TCNUPT	8	8	8	8	8	8	8	8	8	8	27.6	27.6	27.6	27.6	27.6	27.6	27.6	27.6	27.6	27.6	27.6	27.6
F_DIGEST_WALL_FMIN	0.7	0.7	0.7	0.7	0.7	0.7	0.7	0.7	0.7	0.7	0.7	0.7	0.7	0.7	0.7	0.7	0.7	0.7	0.7	0.7	0.7	0.7
F_DIGEST_WALL_MAX	0.9	0.9	0.9	0.9	0.9	0.9	0.9	0.9	0.9	0.9	0.9	0.9	0.9	0.9	0.9	0.9	0.9	0.9	0.9	0.9	0.9	0.9
F_WALL_LV_FMIN	0.7	0.7	0.7	0.7	0.7	0.7	0.7	0.7	0.7	0.7	0.7	0.7	0.7	0.7	0.7	0.7	0.7	0.7	0.7	0.7	0.7	0.7
F_WALL_LV_MAX	0.6	0.6	0.6	0.6	0.6	0.6	0.6	0.6	0.6	0.6	0.6	0.6	0.6	0.6	0.6	0.6	0.6	0.6	0.6	0.6	0.6	0.6
F_WALL_ST_FMIN	0.8	0.8	0.8	0.8	0.8	0.8	0.8	0.8	0.8	0.8	0.8	0.8	0.8	0.8	0.8	0.8	0.8	0.8	0.8	0.8	0.8	0.8
F_WALL_ST_MAX	0.75	0.75	0.75	0.75	0.75	0.75	0.75	0.75	0.75	0.75	0.75	0.75	0.75	0.75	0.75	0.75	0.75	0.75	0.75	0.75	0.75	0.75
